FORMAT 1
MODE 1
 m2004-08-02-07:43:13.rf.pcm.dzTf8p 1379.74401900 53219.34257949277762378 2.34900 pks -f H-OH_CPSR2n -g 20CM_CPSR2n -h 20CM_H-OH_CPSR2n -fe H-OH -be CPSR2n -B 20CM -length 3621.20 -tobs 3621.20 -bw 64.00 -pta PPTA -tmplt J1600-3053_20cm_ana_CPSR2n.std -cpsr2n_1405 1 -projid -beconfig -snr 27.14 -gof 1.04 -group CPSR2_20CM -v 20CM_CPSR2 
 m2004-08-02-07:43:13.rf.pcm.dzTf8p 1425.00000000 53219.34257949354179473 1.50600 pks -f H-OH_CPSR2n -g 20CM_CPSR2n -h 20CM_H-OH_CPSR2n -fe H-OH -be CPSR2n -B 20CM -length 3621.20 -tobs 3621.20 -bw 64.00 -pta PPTA -tmplt J1600-3053_20cm_ana_CPSR2n.std -cpsr2n_1405 1 -projid -beconfig -snr 40.15 -gof 1.01 -group CPSR2_20CM -v 20CM_CPSR2 
 m2004-08-02-07:43:13.rf.pcm.dzTf8p 1401.00000000 53219.34257949459941628 1.22600 pks -f H-OH_CPSR2n -g 20CM_CPSR2n -h 20CM_H-OH_CPSR2n -fe H-OH -be CPSR2n -B 20CM -length 3621.20 -tobs 3621.20 -bw 64.00 -pta PPTA -tmplt J1600-3053_20cm_ana_CPSR2n.std -cpsr2n_1405 1 -projid -beconfig -snr 52.02 -gof 1.02 -group CPSR2_20CM -v 20CM_CPSR2 
 m2004-08-02-07:43:13.rf.pcm.dzTf8p 1416.57104500 53219.34257950826353323 1.13600 pks -f H-OH_CPSR2n -g 20CM_CPSR2n -h 20CM_H-OH_CPSR2n -fe H-OH -be CPSR2n -B 20CM -length 3621.20 -tobs 3621.20 -bw 64.00 -pta PPTA -tmplt J1600-3053_20cm_ana_CPSR2n.std -cpsr2n_1405 1 -projid -beconfig -snr 54.24 -gof 1.02 -group CPSR2_20CM -v 20CM_CPSR2 
 n2004-08-02-12:55:02.rf.pcm.dzTf2p 699.30902100 53219.55904979533148236 2.70300 pks -f 1050CM_CPSR2 -g 50CM_CPSR2 -h 50CM_1050CM_CPSR2 -fe 1050CM -be CPSR2 -B 50CM -length 3618.20 -tobs 3618.20 -bw 64.00 -pta PPTA -tmplt J1600-3053_50cm_ana_CPSR2.std -cpsr2_50cm 1 -projid -beconfig -snr 36.08 -gof 1.02 -group CPSR2_50CM -v 50CM_CPSR2 